40666794,13213459,25550319,30373349,35391217,15504875,21857902,84883132,57424305,7051441,79757724,481196,66361112,87652996,99780097,45424687,94089437,70377707,72988675,41932218,87689346,2748167,49999527,56534199,64329884,32374018,91223594,20161553,73708301,14997155,18652977,86458056
32046780,31518871,73768809,35663730,87313487,27737482,31894915,44771817,52483642,95289138,27471608,77577102,19958245,98886949,32897811,79379484,52402792,54665303,38010843,57593881,74568358,33093651,42068279,10825692,23624667,99504145,47618008,75105686,47901984,61752552,43542842,75430340
75138997,1380585,20866193,62017981,71981546,56752253,28693258,7122324,53883105,24445754,36708047,45794584,26008995,9198268,34748313,20506933,60928553,56765133,76762115,43609628,58637652,92572867,52751163,34125245,62567238,34282566,63305042,49101659,9509687,62857555,30176315,43359165
45050898,59758591,30636286,71505515,44030190,948272,81140612,62818043,86460889,60505340,75681622,69118901,21124704,12405774,51201820,27180731,6403483,7155597,61772903,13302272,11508116,56508989,2405011,37671272,85997200,96825627,50765324,41491265,78330327,17750746,28248980,77360879
76035995,95502548,41102250,29640564,89820575,99396150,86990103,15680918,18574594,3807557,17133249,60400875,23504557,75001363,16972057,94291577,24383280,51488200,11488262,45913558,78155393,2644249,12774323,75899826,48068919,94684157,92149428,90998434,49636713,26698958,75472889,76258338
77910527,72209187,37031937,63312967,68091847,82254326,71788406,81443281,21472134,96886757,82745983,95206970,49140658,97729959,84107215,17817379,19981323,43129244,71454325,46533939,65831420,88181175,87497160,24718819,70283662,73609174,27500064,93608969,89494844,46695917,25918002,65379855
90430940,57979751,56013287,31856293,5336561,9409172,75860366,20704058,11456696,14180421,27405356,68505810,52147568,4531296,38776442,73691901,72042431,37036083,2274371,31153891,66352343,39896703,41765014,7752563,28101156,76981885,14891836,76299818,58096117,82440675,38768114,37220377
74374714,87561008,71827307,40565940,66360140,91610646,25518690,31884291,47977355,29324350,53185879,75756952,80665227,88345019,79922379,78570809,5889138,14708290,36368066,19938757,99653004,89901646,44316281,11265770,73087679,62142997,1925052,66728535,68614758,84073005,70615684,9405782
42529318,95980469,72172490,16436650,65350542,83128287,42996802,95774944,9672755,68234624,7851784,13656540,98579520,85674947,83654797,66529086,80905289,76923820,82910437,80543075,28113490,34304009,7070533,4298602,7697136,90984438,35163011,37889719,6755730,65081700,27815234,18070186
2201400,88444387,84535418,37435728,12607572,20350707,22269543,37318246,45263269,70371807,50286565,83195588,76792143,23417015,48915709,97619524,87072794,36388510,11638638,20234411,50665910,74711014,24443130,84911334,6219162,26821176,38013044,16640749,36347753,99326506,87295391,20261108
97725717,23314434,96834060,16599439,34680185,54738318,2214048,13745417,34575237,71070164,79880888,22908551,79588744,27484275,70294934,16233108,31966124,76558418,5225969,29439989,43361686,94592532,72638000,98862504,73469345,37687138,22777202,701973,33414635,9682066,46413346,30696122
69728278,3112597,35193995,30403187,91240322,39196043,94943783,93547390,97270281,20579766,91017556,28354702,24224457,22191411,84381214,61539442,8209311,95189397,60311349,56001569,92216931,99043441,4229892,90223711,5865943,89225510,93156091,71992928,91547931,4892612,73349218,86176989
19202494,7957065,96198848,952870,82945193,80989004,62353583,28654994,15235362,20842229,97614278,26675223,86883850,24796293,15399644,82247952,59496122,27798819,25588000,41111465,55461785,16270726,76518523,87568766,16320154,81228965,86842899,48251062,71088452,48918102,51896311,42867106
62558390,25661428,54727339,22657437,54288817,64984491,16951986,47537568,51285100,24088461,11851796,15268467,96963201,30968882,78566548,70847399,10491665,83535960,79037656,63070299,52287771,13978597,80092222,74497892,75554415,82107075,77006347,70873179,2044597,89334093,85541591,52048957
83356243,85820059,59571533,16639005,69315388,91729442,17303825,14695981,45174370,12185681,17557679,21635760,29870204,25096397,56669474,30973423,92308591,80236025,92928801,5633845,26773241,9198136,72073723,54932726,85760254,46454493,48710985,31612801,49773983,40777896,89267536,83461963
77399915,3546816,62637155,79198449,34250707,69609542,18355580,48158801,95020160,83253463,39653280,56045566,18949968,9800848,48204095,7290331,27031550,33023021,94120372,30608689,48582093,48482322,21372824,77901879,79837626,15070900,98066798,50814044,94447091,40243237,55803381,64170471
52959872,40315667,96763673,79054721,18796161,96873499,67688413,68876179,14500904,72012708,49002795,7060690,67142542,98668341,93163410,1611981,81906467,33993957,68111038,15864651,57646093,49646321,17803254,75413584,67292501,72841837,2916228,31218160,1918675,70218349,90958395,24917925
41600827,84642155,32722488,61088599,37105351,86435915,38709682,46631683,62379716,86506423,49686469,98821456,97638499,9839381,23872613,26608968,10435915,25035960,18931431,37498944,57733998,69265796,71692079,46830917,31863730,10150191,432399,42584492,93976727,79601831,11633270,38257808
30240318,24900619,44632529,76424271,36815848,60635331,61200117,1496030,64286396,96869877,37947779,62117924,97884921,76495830,68216141,19643093,79828715,21410831,65291479,72497552,84253040,648002,86275489,23147150,29840726,51045409,92016593,75565633,97510797,89283141,57776789,43346113
72458023,39680862,87504441,35329548,94028534,13052227,26603405,5972602,22001704,67092628,58403051,10331738,66782504,2256875,5220907,78586193,67589894,87872296,2223967,7219296,76616781,20330876,76438568,58659488,79570364,2153081,14903905,5776162,45271936,91679971,71126678,83661873
348637,43910902,43237537,74752655,1154827,34567443,57085714,81588711,23197748,15557602,9364087,82076345,41514405,28946194,58944948,34597056,56648522,48778918,80535902,85093007,66809256,48482654,87880024,55450377,26997109,56660098,50924697,42092483,45444322,45316621,82703197,7006064
82399415,68498422,88045920,83079521,75429696,59686822,95064181,23996816,53288161,2133444,3094568,11395548,31538708,83028538,66687345,96452599,425383,34111039,6556999,44275774,85865869,16950685,78837078,42156061,51975665,81510788,86766896,27667385,18624720,72155203,33821511,96939306
95714023,69542274,61423937,59530348,37933432,40105195,1441588,12948584,84331339,55077113,1311573,7309894,55156714,62020360,55868921,66596717,87895362,91166312,32710074,11950798,11460784,89859459,25206220,62632178,13891990,49678582,94007881,9868569,91806282,42553395,5879824,45045129
89904855,48425945,820714,26897893,57957671,7165833,82928082,2686110,96002385,23707056,11910522,52961551,66507893,29737708,77610931,22570644,57434765,33864431,39225715,78016725,85765965,38133829,6889496,19831404,55902615,64963777,10688441,278526,51426629,2127573,89965097,10769759
62776554,95741887,56447694,36265713,29969431,33158514,37163193,8436405,79193227,33853615,61668875,10080225,2708418,22938415,73467472,44478786,85204983,73565561,26170880,72272566,74060235,83803296,8590787,23048533,92277256,46206269,75575683,35387806,70739809,53189841,12718780,50656871
32621639,7954953,90800085,92610960,12772605,27722949,69844257,3858307,89999009,87451779,67197812,43143484,28952572,28359595,2331755,62465339,26776821,37941620,69794724,84203207,16998623,71515301,3574284,97014551,35506702,12127379,14672635,65885519,60033213,78356592,52906382,49128472
76968038,41570934,39807997,34760639,84109814,12195261,48479829,71515537,88333637,99389904,51418017,48770908,84201650,87237054,86911722,59571789,30993360,49494491,26243846,47438000,20706858,10885832,75145060,84462077,86948559,89931544,85442905,2696163,57455241,79165967,6530128,40239408
16128495,23793349,23053672,91307276,93142884,62034686,54819755,19970735,83307541,9999194,66711483,69149989,34780273,7413786,86943827,80983985,26654800,89784904,60058668,21345609,98387323,1204053,80134954,19369823,67353953,43558787,31441510,25094165,81536102,26076839,74407089,63128749
59667252,81306466,15972776,3436382,31081429,53099952,18238327,81056756,60367502,76999360,25280678,66941011,932050,90129139,86044019,42118660,82766249,60336456,89657949,74413991,87652014,76933858,58266924,7705095,77403296,33679240,33465083,48149168,200062,20973154,80282916,18840368
1015835,33194699,57195065,24882457,23719404,25546963,37104458,76508961,30333694,60786639,41171483,72257284,40396614,41997719,31098192,82034186,31226299,69617358,11584293,22326500,65073570,54251131,17358284,51986684,16551147,55231405,95013866,3460937,40705679,1799725,79477038,18379701
74050891,1789881,77534742,81308848,61456854,78442743,25536300,81635171,98176995,7709060,27834430,43826495,12442134,50628091,327338,63702465,27290608,10221311,14948086,6364543,86174497,26747678,75621105,29364313,91417507,74787463,80495652,40558678,92993665,20312193,38813793,94319599
67320340,12165219,5888792,12855,73566892,91892924,13982635,98627028,6569723,76100070,7745337,87862774,36974674,14222828,58792364,17671533,29053042,70673018,197683,29309649,61727496,29733513,65554091,85155653,802321,22778451,47959290,57296790,95435853,41311869,95938808,56852323
72086463,16779572,53540323,13915032,32922881,11175328,15892490,71178712,11679345,41216193,30613294,61438626,64828095,95617996,44778509,73436919,94702598,95008772,79053915,36399764,66347510,40858812,47088961,17190307,79460751,20717901,56516495,81473504,93058823,64800725,20122781,56513687
60596993,79072893,16356014,50612934,81578306,52188051,147495,62180821,49483569,69413965,51777613,63033240,4949174,6713649,24397227,28573614,57909630,61235147,82909179,11256587,56767235,81587515,90578087,79454062,26534387,43152504,86859948,86921024,69005173,80048429,16979095,63126241
52778367,72105394,66774666,73614830,47606830,53918981,25234309,94400607,83888741,66414757,10910744,20244835,59558180,40059416,72620228,52603608,77637869,13058116,16027654,25593013,11570765,42337513,29229092,96602485,8883072,54972704,95128090,16780487,3703447,18380227,90884938,12965274
33785117,19606376,70164131,39249687,55072616,5453692,11136748,84057147,62705559,35412799,45191944,70398715,75622328,45985419,8195501,77333505,93400559,26267631,75990154,26724553,79310428,92144459,58437109,89800414,18190418,9281966,74105737,84143006,42849754,43875232,75164766,78665381
60276580,22408730,76651679,82684031,37386428,39472355,692659,77689994,30161299,4633084,59319097,53715611,2917656,45590657,14500461,43592206,96070270,28881467,8453453,50771298,64325295,32478141,72451565,60142600,49104803,20825196,83385359,13278094,26705551,93994333,5090518,706513
13502350,5863500,4272131,10269263,49163147,86774846,33545748,25565645,96657244,88570484,74920192,9879986,24451158,83854601,31767527,44024780,26007772,65418963,58215250,76931693,51108074,49554095,92098403,55170304,16113253,39704951,99988805,2695561,65192224,57910052,79341982,27118072
8751999,30762656,718741,91205212,69352823,72729024,49589017,17205237,58762829,67594750,10810450,28977085,86273089,463667,53942536,54939270,53633755,26029843,70181063,34569128,15782085,48588656,92057715,51117987,46782504,18210957,34751998,79620632,71540156,15796895,79250911,56891730
69352253,71114871,43320723,62219040,1539005,93006495,53707036,57283723,75383210,10106424,84321568,75710864,54155823,796493,32051840,18756948,31253912,34068618,77785123,51189555,24983303,63336747,65545330,72408641,32178739,18930415,67781435,65270462,76772028,3419643,75509366,80419802
79257717,31168864,952630,60808437,8985470,59302308,24226876,58132580,90916313,59867030,43363789,94795266,71924545,95619871,60701806,48759937,19794796,75819434,51426467,94369433,98260314,801341,34511797,22525191,1881403,94150724,98464382,64778504,12184994,61662575,10069874,86178669
14762340,86650946,44526358,32790012,11322455,24121263,78396695,91461213,37811317,9991363,77898915,36014873,74691616,90761225,46702874,2359140,19393292,48957410,11434318,25645084,64802496,47537612,49437531,39460812,38132503,57962140,25639051,52481198,13382811,68795583,87718480,31994003
74645522,87449652,43377148,40213139,13027292,47297232,58213045,49179877,54003545,83685456,69328841,27854692,21051203,47590622,11113479,84365021,69414053,25512666,86280881,50121499,68693103,29298146,45560881,43971402,57025781,5285105,43928398,1162250,40718485,85414922,24701910,3153635
87259234,38098789,41233012,8387078,40095171,2800525,25446961,19461447,50229390,53585928,9281084,72072072,46430684,30548893,52796826,40136989,83241536,46040403,43134352,9091821,43293095,39493774,6677621,6555387,26086488,41042413,38357774,96966795,8119635,51265801,42487295,18931760
76314851,29284621,93224010,72174579,80015961,88421556,72301273,54361555,28992511,71120562,56493927,9454610,69267314,18749068,14010138,76695175,14845310,47581556,62744428,24468315,81758395,31669174,84469629,84933434,84668770,98160382,33061257,97990813,43567247,58253930,2955238,37327688
94490459,1174732,89832007,28952609,8228578,99158307,50582750,30860733,48542713,64701430,12317618,27702901,49648961,19380905,67117506,53078409,77106245,38370995,84530296,85086188,22464292,14214365,44322493,22306226,56659307,82122756,56248187,28468382,96174130,43025225,22000562,64081623
23214525,98918055,34211100,99263021,39781708,52810363,71260356,38092211,22391178,64713121,73697642,50964900,98125173,64306716,97639602,52556330,70730519,95518011,40681432,75300146,34558083,30056255,63041959,85650873,6551782,85711285,77003845,25802158,65763856,98957909,5255099,86505451
93004951,96651813,22555466,77322687,24695039,82076772,39551199,71789464,95892923,12005430,76215322,34817404,94985309,60681767,64744387,17884811,32460655,75429666,84899129,68506333,5457251,29582384,79602485,30637726,55192753,26551072,12174934,63121607,59754790,14577007,83992728,91341416
57491305,62246894,83444167,75826928,71232194,77821308,42013873,68751330,31908952,94786378,51392656,15171272,33229815,916916,75699190,27013889,8187904,24841730,47650925,35467014,28590381,97733041,91896166,58808403,24114663,39531712,28697836,30793167,66426615,41103806,12591193,17916160
37731590,47239646,23035916,75298463,69138779,88937870,43874073,80170937,49140287,54673493,4151788,35925334,64321884,92986303,20795406,12838833,14668702,89155630,86908320,55926460,92914566,72606905,18863295,28743738,9285944,5465777,25246814,89804606,57128487,9342832,36927388,20764646
29272989,57808164,18312205,42246618,1450922,17632365,10415580,43801917,1819707,90153256,33695242,48156024,47422059,83392188,85901981,88532465,25199717,12292074,71752458,49756575,49593612,16966012,97654170,59535705,28229923,43937727,82100136,83881653,91344608,50220720,63864328,37471571
2429933,77506509,18537542,60690579,58628234,17511511,85434522,65117741,120140,37840044,31424584,96683237,51857874,57238185,99686327,38979465,74716639,73036190,99022,30170663,6297252,69801963,17233255,72711792,85303878,54649289,74856079,80661126,91678575,27437515,25146038,55747908
5193004,54102755,5865303,96381258,56126122,57951963,66800631,19689475,80475598,7534253,3755482,90405661,67198359,74516399,39925711,11300102,41136179,68102582,52456760,9773705,76912171,73688447,88285226,47833441,77305880,65930120,47800219,14336404,35383449,46998414,19936582,76026895
83237314,57840468,85664063,19476316,20655033,17771437,38133608,5756480,48660541,38970276,67186804,25264046,21359979,27011907,79377285,82622559,41638607,94289277,31160293,19590084,30125414,10974607,26642187,77310361,64737958,16977021,62249013,39753244,27128296,8140594,54073477,3204928
86152434,94024528,50346259,21091001,45803830,48772694,49862763,55978489,81736284,9611874,14025765,21681116,48770594,33308370,13055329,83016672,81707768,69722607,85622871,54900953,7554238,77373134,25115368,89678850,26363450,43919523,78950447,86506273,90831210,67647239,81293047,52952275
22961406,68502036,44639691,4020067,27974394,95555184,35051936,56325762,72706487,69954191,40472738,68571312,85836655,23823379,75980856,57584604,71723399,95594814,90451031,79920419,8151405,64850052,24344477,76412497,69553273,73979381,75454085,84736384,19692308,66168445,97231401,69045658
55275258,22687365,20665621,3281374,30988953,33733038,92249676,34359971,63472685,351233,25337112,34900306,62001599,97363965,49549346,15105480,97551380,35760673,41043881,96253701,31279569,40356804,53183927,53921950,37415380,65624525,51882505,21841073,81406334,10762875,58514149,99667276
33468911,50574136,54300122,64729170,21438603,34035696,82960889,20540379,63160942,15548270,27442390,74576455,25578778,40698836,10486866,29689081,59099046,9782797,10610556,23963808,92810449,47155517,59227503,79853965,39164914,94698299,68111049,43908384,78723896,32965486,98292201,80051819
10376831,62852990,55773770,99942723,35928967,30007873,43067317,18636300,24472937,54232659,98858647,32784416,44288978,43574928,69382426,56866166,26473011,10407467,60745368,61424764,79722788,86106990,86124771,44762009,2765771,71423735,92793687,90197942,16935874,70720641,53552476,91319080
6700751,33546529,91533501,32958991,61267973,54940435,28017690,20956400,87627927,79765977,92531395,88527582,82742295,9244648,13560838,33038323,1279935,90745510,18342550,51850570,1505786,17998641,69836578,88334271,63947956,89686911,108492,17778207,91317216,96395747,22707167,99231672
71295073,88052936,94253816,10401353,86036584,64499858,4356403,53164588,35221880,79268898,46821855,45850979,41889900,49271322,36040805,29146603,54847921,5149188,19069141,86315003,57521615,69020621,32474511,2882454,59092770,7539721,11714956,27037765,67234937,97836532,82179863,34160793
86006879,53039460,77225383,84911018,65424855,3503220,57262566,32044193,38669481,97958213,59556176,85521556,66411161,21441088,31193897,16738437,96350462,62629230,17776047,53190676,93180122,8799348,85165972,68398438,68874644,17100457,51715187,42644912,54685325,95610772,16555707,54773979
75601471,95746944,55286208,43317421,24379057,90892161,53381843,12449358,91037220,91259778,82074206,40537821,71925583,21271734,60271170,66461372,95802369,52217112,78508808,79240178,82814886,50438427,3886505,82892312,90958356,81580918,98042611,74495884,45161553,25876906,9655284,81406942
50914049,5193208,42646071,39958183,63493880,50958800,6852611,29618101,13957670,7991736,84133917,75156996,77204180,76368170,59990281,96725447,39113442,81647678,68623132,12857347,75305515,94038382,74016974,85431686,64006538,35726216,38473689,15279214,71308106,37597616,42505556,6666870
26721675,74204767,68090415,94474623,83498355,27314690,66006647,26708759,31562271,3179620,17949565,89612042,59203483,94309707,54706223,39127094,13873779,27059962,83349647,55076339,24863416,49427357,6861200,16428626,37688315,22202527,22287814,28837555,53805125,18081848,67944476,84867183
29900896,52743133,30866872,40044265,22687707,88488426,25931352,97645598,79806850,80398492,3677661,33718987,15377767,16243899,27408980,26484219,95990680,32422041,74908322,11889799,11866669,28576862,30241596,48949317,10271427,85426110,4543774,40305376,99748501,6052086,43245418,47283460
81273027,82371621,19062646,87757298,93419156,95827346,37067888,56529345,28398788,51361064,32153522,73408680,24725576,14017871,20732640,12470234,65289576,7289380,44790396,52135311,54012442,87617961,69703263,67649509,89285747,10714033,42090420,69122774,47070925,35753846,30845941,69999209
80949950,14504812,75640945,13844048,86864197,3781792,21635840,53620838,69267451,13414963,64137187,35651012,24561331,49280370,83932903,5535128,58624363,19922133,536164,69042414,7311262,88647401,61192306,86349308,16486145,32594798,67875065,80980135,25263483,36213888,79194046,52485773
22961276,95377604,25067212,71087938,74264871,29052853,81733162,20576805,62199913,85315910,95843327,69612969,2670666,51500229,20210942,49207307,22182867,90780171,40121659,94488121,70948189,98405069,42709470,44663701,10912554,44628214,78973792,5876700,14744504,44380664,91635022,69451449
839820,59983615,50824071,36118655,91922572,80437947,19628013,4234373,19796236,94512452,43547454,61059828,28989282,16505624,80967969,90787734,99057651,25531785,5902062,68859261,96136789,91197908,10487424,69328491,42482040,25206562,52314706,9826500,19891135,83959655,73531170,88243988
15576325,48501048,33636152,33858419,44995885,74273887,74645012,48698896,89741209,11213742,66843034,13586512,6620160,2734072,31577104,92157424,34337805,66731589,79750309,11527333,5479142,18266412,41683064,86087392,67462966,63053742,94683115,52265897,18921965,91770247,32314826,65956366
72639563,78608622,86429336,63119621,71447150,32211720,49954837,66895306,23241053,34046,78098794,60664386,92914288,40868231,52129399,20869055,86319392,54751540,30380346,83288894,19653119,88812612,99889146,27847500,68788649,88313446,20350538,16293562,77252272,84910243,80680623,45138963
5612642,574579,28637878,31832546,65062674,80106997,90840660,69370562,53298278,83246228,70877634,86787982,33063480,2356371,9833421,97075986,50511786,49060654,88414319,51327723,91205279,16381199,4058881,49245745,65246450,25746556,57751755,22761916,45940889,17270063,81882987,81838428
54108301,88843140,83001751,3935857,35282416,8014327,37113560,75393118,25912070,10666567,73441512,40300244,34015456,2686337,49319165,3328011,21954158,6585315,26800405,52977445,36279205,74824587,40531805,62297190,24895998,26568858,47103883,48875553,2999350,77862933,36062061,46312841
48019576,24660093,98255834,4874233,83263685,4205570,37814862,90262259,8460608,1119311,85967642,67513086,60366798,51542628,10561186,18533143,84688861,52600790,68847465,19490724,41201720,24634301,69123951,77643786,68957624,25990454,85262737,51959445,10957805,80730763,92038597,69828233
75897508,21052900,31543495,96341214,76214135,73062088,16978749,22915516,31196605,20003634,6536852,82178413,64916868,17387417,96780559,21595008,9641265,19098212,96250164,15230084,55948829,96662702,16866888,36153236,21861685,86284552,47076427,19065125,56185465,4740073,76835512,18844927
55931933,22605791,92979555,2479278,93447814,25812783,15247308,88969562,69926489,99375704,87810852,86038179,24502650,70641782,12541348,50393861,8271637,76446734,66615369,15251569,52080503,15239847,4028522,90178749,55947753,39274863,53498228,71585238,84363396,91892791,46961392,67866712
10879189,89312514,98826689,24796248,59109192,28287547,34796685,92004984,72074473,46249100,88888174,66887120,83589287,44197064,82746828,82044217,35069300,1536718,88367348,37955564,39683440,53567140,25876918,27231365,72783778,73602172,54371987,40805509,69015283,90969649,66784521,28462278
4523438,60650942,10883361,74802861,6799935,72930398,55352214,68872587,55969218,84989813,33973034,46820038,97296710,97137180,29882180,67019712,74975855,95393260,19373450,46169318,50556782,71259724,20647781,1633348,75000302,16708782,41244342,72125309,89442347,33805192,93940070,25066829
39741730,15993017,69177754,71624286,5963566,64733625,75735634,65789059,21402827,40871143,60081275,55762268,36528051,55323742,39018334,85912528,41757238,41202672,29226466,70664102,62959528,36269738,61076798,64550647,65192962,30550122,86415294,62345379,18820518,54517558,33405149,14205485
75734084,46504485,42961364,28349133,67767270,24473349,21903197,7749322,32488050,29155527,46755141,84700508,21211295,59826820,83183113,86421770,50543431,10708586,11933777,35610331,55668798,9048907,52846409,48900521,29804445,83191452,95672818,33617160,70617045,48047109,49623303,65801105
57512276,71793624,25097927,71750247,59410212,35013624,74095572,20782681,10743061,30816744,91446641,82889996,4733617,14530226,16419807,47387905,5465130,66920664,86675228,90306619,72674431,32865285,47506053,23444625,65850000,48823732,3790193,29853143,23957873,76999105,90760787,70204982
41549248,32954947,78062018,6743886,70981109,74019227,40788898,62684947,88998935,58620063,97898414,75782247,1818487,56451959,75693809,49129150,8643484,18078419,90048698,69232617,43342437,34697518,7108924,71895408,65327611,49535488,72411335,12543451,22193098,21343268,9798398,5648253
81693755,1368778,33716478,24888486,43109173,16872074,31757897,17615634,5058637,67568793,88301192,80569650,87128924,98222076,5641969,71338145,44678764,9707078,61277373,36815414,28997770,84155044,34179874,92704814,15317529,18059271,62320043,66581901,11528612,11542908,94535167,65819385
19132260,55053618,47717297,62566395,47962327,64936756,33876917,5171976,49776188,12915766,774234,86521286,81046588,13250513,86151319,9344358,88933092,96770645,89267903,20003464,40032100,39427243,19136564,99205629,841194,30237232,52668140,34536943,84798758,54090629,42336888,5394821
43937864,73657261,92654117,30873693,56179438,43397137,73626235,35947305,45823381,50260223,28043446,86044600,73768772,21350353,57637238,82781022,41861561,71487071,30586806,33065999,89051084,70256234,98807676,16114023,99873770,13136519,41804200,8946060,31661937,44821246,67003602,18121811
84983719,92874808,3606364,88782228,63075271,8319650,97248489,14241176,55418867,93246354,38018174,30397859,47856386,33958664,59961308,38194798,48564279,13761620,92794913,46697133,78504172,15802515,75592692,6960142,40098054,67166816,44228551,67021872,80290000,13332888,95753868,18156575
58321712,66969712,21287257,62724497,4584305,21591877,33769370,66821431,33146591,70718795,56901864,37805775,27720784,50567417,96631992,73716720,20272248,74478607,73462514,68061900,18170927,16868116,488461,45758655,99431264,48235734,10898276,22051684,29730984,70615180,62252126,3026766
14693236,93838619,38245709,55424744,88212088,80777453,16386329,21317694,18073728,35079220,63511412,3444684,6542008,41305708,19887958,82768279,21457539,70731018,10782345,5698981,13462127,87309119,4318735,94019799,7960669,32021820,10659958,35196196,90847534,90284351,99472118,95548057
72284305,5093697,57278611,75996372,60586862,91701877,22081093,25102495,27834151,79000994,40422036,80940128,24284295,12282376,38335698,27011903,8753506,92913513,89038825,87807177,83943614,43402738,92977661,37779463,23262261,39680276,33989163,92449256,54571962,12713817,16647885,51260646
80172188,4829989,72727369,54291144,43992343,85625670,63560308,9859469,72964425,88078420,57296532,5885132,70693404,11429371,89908468,41992739,77059889,75694293,4962490,79246749,31962390,56616659,41637844,31548460,19770423,63298464,27286181,78674558,87834299,91637451,5199475,28341728
90469445,4456566,1784403,42459830,23818501,96129453,91519192,85797685,93327652,94021097,12356981,42863492,72651020,26283509,73534658,71653434,12577770,52612609,83159178,23209602,69758688,76886040,9661694,92534469,97330163,119675,80939903,78975665,61097710,16114113,98042848,86539019
20750544,24000747,38330971,20688402,72005302,45260702,31331926,81913025,68396310,9115644,97472982,99124645,31575423,63774548,69433127,94606222,62411741,43885614,76337567,67277060,67927482,22972692,17079456,19430320,56719763,56363986,73620931,24311000,16984990,87453672,25924199,13665533
70070162,26208113,53155206,10759647,43389449,34058066,7971704,68059707,73619121,22340475,53992647,66461430,75734259,90692844,39877156,48351689,53853053,12390149,95506669,37726393,62154711,11233739,92140348,49284070,13738886,97205698,7465717,34690300,63561885,53856391,99297657,88188461
32436684,25863541,15356727,64527817,54485403,40195878,56747590,51435474,10568898,20409963,9846026,65475602,25095690,81335803,95392506,64474020,9165268,65517139,72063292,78437474,15305511,67721311,76914165,48866951,9544339,82521524,60798385,4465536,9023953,29388755,40845004,16271582
41527322,41429930,69121243,87304476,93185761,24093305,59870926,1908151,73522502,53759151,61051925,3869761,93016254,16403941,5803765,74542291,26625620,72581380,85689689,14646333,74252697,32214981,59911198,96801744,41471592,14612539,19926212,79775007,41832810,44640992,12786658,38572342
43975537,44685563,63600706,16666402,7011689,21382433,37845750,40047980,18544024,81784746,56723828,10763868,24769813,1969310,76653855,35594936,41898942,20001556,33479911,81874540,59676619,26067382,49931337,8831990,362485,10902349,23330324,9286942,83059800,93419913,17089287,20466036
97763608,7251772,16480112,81363057,79453644,7125615,20800787,69717000,98806161,12804931,97653976,40239038,447034,10802885,5644670,2666857,24316988,29776594,33627160,72484542,27107602,50094456,27199651,84568745,54374469,13293508,17500546,31879870,93568706,71013577,16027180,90167251
99750649,70444282,79223377,80372869,50464076,98492304,39855871,38300095,25222727,45354777,99029177,64222328,47134898,41673869,342335,94038290,43195384,716999,97869594,6072219,846584,6262165,11789737,77339965,33009748,74023217,4943843,54473932,41753403,96131103,17359234,71063374
23580854,26844287,18086946,37075957,23344453,7495534,52228440,44518255,99004927,12800478,16571074,42269824,65201200,71604279,66827779,26131339,44675070,91620276,86284923,39792745,81336847,22331417,52008452,90919261,57370395,84426301,852808,18867483,93016637,36581068,22463923,21016896
16207710,94191837,77270613,16433179,41845798,55253006,75714432,73642415,39818479,74513776,3954298,20832764,99623012,10699717,25158855,10144617,99130287,51043105,9885308,27478859,99361676,229936,14489569,32499840,47827397,35396548,79809991,1139941,10790643,942630,21554721,21123502
95908221,25584867,41492095,14550848,61224774,96167654,10803731,78867966,45336067,39565180,66874967,10941339,75582025,96556335,34066682,13879776,69715557,84032788,1006378,78031638,6970856,10810807,66094181,16663519,2047044,35149257,18449244,29048058,7112141,28264437,31507365,42734559
58027373,10484479,45102236,1526126,54161170,60554641,10278833,62557625,11015743,86055674,4384995,72990884,14344160,38318694,66391050,1666756,8427947,1694780,91047161,35816869,76004902,82529724,38244552,71830069,34914916,73579985,4973841,94040585,89720796,30361838,41046851,18667218
8591427,40308575,31534503,98454991,28854343,95100023,97682891,9286742,79781297,5608223,98132647,94520923,3521553,63024486,61579824,33641106,98726168,43786427,52299228,16398126,46892059,98624168,19593397,28501231,55797515,83911782,64957652,56681000,49477667,94678714,92583965,49119418
95984037,81320637,8673460,93665386,19024561,98307085,74891040,38646207,91799688,5240109,79449416,14913916,59322804,64109870,8260449,74340305,58450884,56526359,12406629,99328406,63922711,8894855,13441378,55076618,43043265,75893079,4041605,25280616,28234040,48152828,77174123,84076170
93806615,87339656,39673153,77268543,80122900,65046444,34913757,87148503,57359559,54854322,73634968,57697053,31902604,59708040,13883705,48263890,37271099,87524066,41967052,38919204,2523203,39498234,59931516,88083469,17433673,25119532,34868035,75280877,69136198,5741017,43767705,40836998
69283754,74309133,26464676,54519589,17116555,29113506,93241927,19918995,64858098,7619178,52604310,64989729,34973673,78205003,45409587,87168512,87079280,31062778,88181416,68370599,33060796,89409791,36591208,34805870,26635547,67535324,56259547,19053775,97907026,67793275,64333639,92569317
23267321,28219719,19379339,30148677,95824204,59664288,79130834,568637,51773645,65512483,59320366,70292873,7125719,71380861,19433924,19812896,42763695,4497534,14981178,41342520,69370159,38927229,41461295,2538253,63367543,56803009,48277169,63195293,88486504,10218839,38548826,9196575
13059774,61749566,25205507,57989266,80184403,47599516,9255600,83110960,83425324,28476291,652678,8716369,55760150,1185467,86840472,65310979,31446159,29074367,28420638,67888726,49989135,45639658,71630088,33654668,2773669,42740704,59552910,39973149,30198739,83897854,27845253,97651965
67587037,85223504,91771272,97778346,99901896,68487253,72070078,91574356,50581440,88760733,70089770,82120173,89672416,52617880,96568625,45357444,6905198,94499129,90651421,17723067,30556240,44201041,22694832,58030628,48281435,13029212,73066804,78419319,74474872,39145312,16102617,2483137
70160565,73799971,72215340,86799185,12108932,27479403,14963506,8891451,71039712,87044706,41460080,31727449,75160612,48269941,2427234,40675367,62355740,82329915,19754286,89443528,31097221,22047682,98361365,20992962,43315306,81563847,10191017,64380496,99618743,18272896,60473061,85411061
65908103,20493434,62493652,77975027,36863662,67473640,4075787,29861743,19108111,34606531,46509937,74558656,54344344,31621621,91210100,26190890,42494084,63124326,41868906,11280909,60030226,69508948,7286098,86833902,72440254,46545761,69949979,48899892,79251778,76846386,90136188,40348152
55416134,18906705,1373894,38791844,74384255,21989414,5640362,98347357,33598193,5350151,72213813,29706232,65570830,86833813,12449603,78129831,48916755,32899522,35874496,20468194,86071396,96468911,81861629,94310783,91879979,35832355,50445722,60432668,53943125,68415914,75592125,70550813
8154506,3194646,89071666,7125668,95117065,35519602,18467103,84285736,91797437,66863739,14765525,72157861,63173346,47201317,28646448,86687411,2433283,10945578,89296842,27786740,87160428,58934078,25159825,32684319,25323596,66375755,51790047,94012037,18903328,55115504,81918972,57715216
20973361,57175637,6408504,34722253,57007596,38310439,83125811,46796282,50233803,4369474,60160280,52699631,58562774,37546630,78993110,60471513,72939580,51873973,66594051,79099430,65589267,66663832,90344452,34765402,9767737,56075462,83382635,75802462,1366560,2446759,16515309,88644342
50785539,75033985,92374758,57105163,36993354,88938720,35416380,49065365,19566086,83032770,99839633,70172687,75958714,82473466,80619009,52500739,47787059,51573296,79034148,77822885,75713168,12726172,99642472,70198503,66921609,12247134,96908863,72904764,34238422,86031632,6720595,63578895
14425961,3143664,31780895,92369842,45717980,62627307,37049676,16645206,57408308,36381231,36292182,90951899,19007094,47750513,64081650,1711798,95761811,71019801,53605974,89420982,27086576,7937307,60280361,96400089,27361507,68358727,41480412,84605976,64290756,22810130,39528924,47131615
49867148,16579682,38145631,51072637,56310429,35045610,28559877,80589318,76258598,2799628,5516242,53125311,96595638,55375104,64558068,27927952,41372347,29651123,44998202,78469322,35697780,50497922,23448565,99832939,31961395,81814611,40728545,17516437,89553921,76461420,3160869,64324336
27870903,93507224,65540806,9727039,86810356,31955248,9323804,49230949,95414107,90874140,88735982,72117484,2924800,26988943,124213,28475505,78937701,50270073,41852975,27910503,69069601,21032330,5986255,73248569,43865662,14310526,63790654,36872507,5388242,42297374,37595972,78311283
31668019,46827569,25779448,23512816,79750659,89589650,98246979,77611655,10852836,3405590,9442912,5485502,73248304,62830465,99466999,57570919,28660408,40169895,64711217,25851429,50569770,97884657,12595876,11689219,46155427,10502811,11103059,14278603,16749966,47638050,50301073,16844940
25813838,99140525,34333756,22931920,59587195,4812316,40217428,26906206,39993120,34422082,21809487,98462955,34984748,95480317,87057407,81912091,56654064,26635884,63919880,20037060,87983732,92034847,40509896,51638771,73743522,28548662,43642104,15575030,36685815,52792733,11581906,85015795
81133097,41587704,78764759,47477877,52661338,73410845,3090122,30538585,34784643,60801552,25256346,96009456,9863404,12333505,83312074,80307278,70347665,91493175,60197206,50659754,23785216,87985215,23916639,11171379,20533567,12197078,63610961,4070447,54773827,42319827,40069505,7829068
97080398,83107966,73579797,75961976,68890795,454993,73316410,97385550,1868483,59791777,86910663,48224982,24201778,94869751,49125719,30030247,4214766,56079558,31511501,30493074,49551261,94124214,551828,42126808,1955113,34517214,79508995,49879108,62232681,64688512,21594798,73259491
81329068,84660997,1126828,55266875,51321445,70868753,37023645,49031377,55963647,73165958,92738949,63059874,56333688,7792319,94271117,97971559,16977029,81358933,72960746,30693207,77721272,54634700,31952821,35251495,78770826,70535974,7512311,4191351,39555570,37113654,16205718,7536644
79952933,4349575,79698852,20058586,81690431,22158382,22950090,80854204,40056577,98747434,12079609,42948299,83469873,2737654,6066625,2679022,77594785,15779448,61398872,82420600,34180031,7880142,91349485,61682973,6097724,84456317,32557374,50391371,28879329,28466282,63901506,55437542
72250070,98188584,81578036,99977314,900527,70432170,96624258,19398897,14243560,29540344,9622389,64793190,84004586,14194054,23227454,4057707,92011854,17320157,58258898,84585026,24866964,57525176,59167003,78492694,6285704,45907830,27800810,69230746,1196419,32874331,91232722,89462604
93887029,54578506,85932933,78824301,58631895,609634,56428363,23417432,76405459,3029255,21020070,48203438,60577117,69099710,74107723,53167769,1324687,34094063,29132520,13254212,17540148,24337861,70112798,38655291,99306057,25073343,55858836,83138701,10079082,84078549,92866201,98716781
58943902,37189634,69350777,44731000,9897238,40073867,73227383,66472756,69684271,50697013,2900943,45861795,63122896,58140881,13317009,33533857,85353449,20324126,79338140,10166964,80095731,58784954,44774551,73781506,81417091,3315827,84715261,95615901,75208318,38949641,94563239,82257861
56927417,48707244,80699878,69037564,32262822,53587512,90543060,62190965,30461503,33443109,56254064,31160646,4322026,697530,74293049,85257487,19239750,13090883,80690258,2086390,29256676,34556001,5472019,85965040,71313077,71458346,63914310,45571319,80994204,39376924,6975164,65333799
91414954,6500537,99634072,99416724,55106549,89184796,97455928,72117198,21449083,74525789,2792710,54363870,71133487,39409459,86628983,53112599,12438650,69220426,35128421,2769863,11743198,19483712,42348770,12953001,44662839,76516477,77178352,49707336,40033294,21868070,46995799,15954614
5845052,79025278,4793047,1166511,66051290,53673196,48011569,70308794,2249732,35142312,21256601,12563507,30221655,24357827,35819580,78303069,52930459,47597777,74764267,96548671,72675229,83978760,4911071,7028350,35555853,57757915,76552472,71419542,71644059,43403769,18192666,89310893
15985818,9739174,1342542,14094772,90488199,53331081,71932487,19988202,2588717,15989227,13573344,13054485,41930085,69447245,27889288,8241715,59498925,96634435,95341450,91270569,57744963,24191397,46320566,47059957,29505851,31849257,70464220,97963548,35178402,60661962,12157855,77982197
54361679,11350289,7229280,45812968,43846483,43987254,16946462,52814527,78738927,40417817,9121842,82970083,51455152,38463504,25585681,94233027,8522717,3116489,33840018,78056209,49841413,972764,42216010,23844947,16785961,75493774,37819573,6550872,74780617,39730805,23135360,95961373
85751608,29600331,50353774,24790054,63459641,78878890,98903039,83336049,96537186,61715696,79778549,15396093,28132794,93407066,90923085,399559,42063334,20488417,78519589,26559513,38004724,6707183,53372770,68772558,36653812,63504795,47999948,89371547,75797798,44036727,59607213,88062746
92039246,133481,43412327,34251768,7541018,1004882,96714977,8670781,28063372,23490138,68020202,80227642,6546061,49939599,41662737,25655078,78795606,67668890,10864830,95087137,99864184,4175902,48929820,12384354,82144300,55741885,36039919,18477895,34891180,70986400,72721221,26841347
6037617,21099229,90927486,31310121,41921131,38185347,14725524,31945235,955387,18221530,88103097,54954548,25301001,95616713,34130711,19749341,60076919,9567733,90044302,77497037,68493868,33026691,28671269,38311612,59124016,55100065,10131440,1124285,1914402,44515017,51829232,32220870
14003489,16975900,29378110,76664319,13515109,95995667,53995804,46569684,3553023,18838818,24769059,72853353,33865314,58738553,36919184,77291903,60309695,50851702,23596878,43301229,42505848,39688678,26292322,83715231,79807072,46346326,60832080,67846911,36276681,81901950,12982344,74863606
55487976,41896310,73622175,90387944,7313502,58503235,32360374,57149272,59297825,64842901,84718092,38276846,78067032,45606743,72015176,40459486,75571304,1950694,18608047,99176242,83675651,95988844,53080084,28142674,6416674,72804168,7867714,81667155,87493935,23930582,6389455,22393843
21967043,55863338,354709,64262255,40933310,27118746,28913465,22481081,59625609,33913756,33255951,4551130,80181660,56320115,52311007,68442401,81019225,40642909,23645329,53302290,67721501,9293332,49947904,52193805,83362188,41818787,54160579,43946003,2898403,89400840,45176877,5958721
86291581,6400481,6918146,72646002,15535026,40461843,62378754,91235996,94430809,60824863,25820229,49058774,77834513,60114575,90337750,19071046,71928463,91490183,86555773,24651193,60417979,31423337,76211630,73486111,22766699,51670758,17087971,89170582,78070966,37678319,85295131,15913254
45402216,37127349,30202383,15998942,48379310,29579772,27520093,23305686,29941290,75355512,46170446,91450140,47950152,8349738,42426766,11181633,7337629,59460910,41911437,59847720,70964156,7425498,81602781,53632349,16790676,38231388,87680414,24423547,88503283,2262294,45541605,22906710
59321801,16436098,22087447,11221286,74472178,73725925,26340412,34561250,68575104,83648367,12088105,17187527,48280988,78409746,13697610,51223335,84226365,43232202,16331127,48672652,44457301,85364683,86904405,71370403,33669956,42165936,94461086,77334672,75740411,79501801,48037036,94926508
94837151,26057214,22267205,16619020,30964535,42501638,89577780,5022877,99019374,95904210,52802218,67652538,75210387,86507631,60209794,53797529,79628885,36628102,84723632,99282381,26169486,87755608,70368973,23266983,15093651,46348047,10291620,41292835,41870761,82676059,76856262,23280371
92206963,60174241,82653614,16646423,59361384,2928460,3201110,44148366,18224353,65009607,66995160,39551029,83943491,63311722,45146464,9097898,21712438,20925117,157089,25097084,39847214,24356537,13862375,59614639,71092688,12629880,31444836,46450992,84131431,82043222,85824248,26855690
73727181,47615739,69379300,87112411,35884225,68825603,28882840,80170885,26401781,5697392,55965587,60505860,31942260,91072141,33652951,76317723,72512243,74274502,84999448,47753398,68138001,47336674,81006756,91525492,72336315,64809556,1980568,80286217,53743899,86967438,24340847,56243141
71984681,13354252,36089845,17643019,80224431,91073096,94123714,17355822,7840522,49905348,2246942,71737692,84330952,81133336,74214549,37313561,59381781,63439176,42354355,85187019,62133480,39612671,97930888,32737983,92556877,79808849,96844815,95563462,23168039,30371226,514885,64959739
28411341,79209781,91527087,71180880,28284970,6045026,99919392,30779363,95983004,64720319,92426314,71732994,61842043,7458242,26004913,69466352,5829375,85167555,96063917,34261393,85662095,61385011,87060992,57124207,48644526,45020052,23018881,68445965,81515935,11011663,70781122,13923631
87189270,92230594,64192452,45868329,48536166,87634004,53791539,40722873,72570318,51683527,52412851,4410768,49930187,50173826,85471899,21876859,84209713,89504012,84839774,82482624,81825956,17020648,86198084,18432468,24385079,38170428,20754336,90243514,1297755,72714078,95080724,19781100
391088,75717272,46808035,22991910,39849960,23636687,70644376,66258002,84114740,22280967,16676828,1404938,48958623,25663873,58289271,58718960,90316331,36115560,47125221,30362626,16553913,98495454,39275425,45349475,69941138,59274124,47108697,16701225,29545862,11665978,27708320,4111999
92442469,43818602,34116867,37197672,81833767,3646999,7397357,87284964,38631191,21776070,64504352,46857158,47776708,15003612,25537033,61975472,81493126,22579231,19300041,69614802,92319822,51429759,42674038,40426208,35864732,75792132,67148819,39829509,80387432,1484252,37846626,79272477
56173364,73593688,89509606,52665738,95098819,41487016,80835404,31117914,38305808,83716669,90439867,50480334,58001855,61412334,41335747,82450685,89678761,39553181,7037243,13551426,94854532,56621625,45650903,92720936,40858944,11884487,3874101,1228549,68364655,53994668,17321545,79542954
80615890,10185389,31991314,18288789,22543290,2636995,89990577,23232371,38080094,86371962,26389838,39934422,60251386,66699944,41280924,25395358,47652675,36462436,86978879,16801169,92140417,48092495,37488077,23104314,49041757,45283144,5909687,71825905,47721618,25715210,69910423,82348082
11904748,96981712,26338014,46575545,63883128,18196878,70286331,30211632,33825152,56269101,27671532,9009732,48221131,71030579,16494599,52308332,42718285,77737863,9558190,7925795,39072642,55647187,52680600,19474561,33784898,16147863,39536126,34574809,66918217,1709681,21505879,11717013
9683261,99592540,37756445,28060080,64761401,80033913,48804234,92025151,36919962,44951402,23277374,61306367,464524,4129384,84861075,96711199,73000982,95619744,16993263,6742823,18789377,94279455,15932309,39752399,98331634,67959444,95708992,14968649,34582957,19200763,33011406,57967843
71400347,21736234,94290877,8067000,12530242,72798715,65051315,58142830,47458856,11952456,26305589,87993648,65348023,36364683,97214452,16191125,69275143,84627187,2250242,97475345,72891699,49131235,52809968,88376697,29634108,86740405,58450294,84754731,33513596,56571056,41419970,91031257
46854732,49728913,90113114,97589158,19086728,194858,8687626,45681838,30386768,21060582,11276283,33773443,62098377,72090054,5206717,2019790,90102145,39888449,56601864,36828262,36022538,85102990,35620371,39377259,41692723,61212069,50833311,9360415,84566088,32398870,46897273,2742699
15596439,69348214,78537870,93497923,97693080,91028463,2147806,95933106,17553516,33350078,17829988,82603906,52159135,58676802,20119837,11786711,81117792,90756920,54467084,51051547,73917719,57322003,33399851,24541273,59077277,68198993,43905153,45031605,76058318,55244977,80819329,967674
12454021,18841278,79483424,64293680,9075618,77480462,22188222,67071578,32383852,68262626,49799714,8200326,86068515,84449115,97263091,17005189,33119385,51604674,43395758,19623508,55252999,85140276,97526830,73368198,86214504,63340093,12232400,85684334,40402049,28927810,56101727,36244717
16603759,17290831,66440692,14868469,76610829,80658407,40112566,2949100,60919257,37207479,28144003,50607279,27740804,32597364,74238266,78547905,31776077,58383603,23721130,37989864,78748034,43861711,5584052,21152110,44276191,36815670,88120,54939361,67849714,70890646,43038391,25111746
28183695,76892095,58475479,58745463,20540774,72334675,28804496,46614819,81211975,82916854,88419489,27865421,96850156,4326495,86025097,28122097,89639986,47353573,19055897,46586129,28894508,81351614,72234555,81978869,43889683,40244819,81096884,57260943,35329057,96447115,29523998,18584166
61624029,96265559,86683708,88794591,53957142,83274518,73089951,23001334,7131490,48565039,39772398,96372316,53912865,9704292,57082782,24583667,56140086,30305719,65567669,29510107,56037630,17478037,72436447,78821167,18708440,59848151,35443077,12484083,99382724,71047902,12980503,14809999
68873296,23354088,43153666,78685533,24193232,71372019,28587515,70860284,81695726,42631016,75431243,21058135,54745977,83320488,50721162,16705235,6242298,36347784,82728198,21280003,87148184,81224698,58790441,19277841,74751775,52205061,15506133,27525925,78172675,90954180,86956436,88811410
58109649,72001088,41969227,36737944,98098606,57066684,8335201,65918214,8184292,24658111,21519776,10470635,4341798,32493923,28749558,29041451,40892894,34142481,5298161,32580361,1896796,69808229,71485556,38842104,35964388,68756999,78951300,99678378,26202395,9555714,15202043,63165321
15681060,48215543,17875587,33939404,9228349,57043757,39135458,83284544,71111728,62974994,4264195,14177066,99510485,43678678,93396347,92724998,83936917,13814023,80752329,82568921,26882235,43706887,21910482,2507579,97935612,44751811,55874997,43658999,11045306,3099519,29472687,54059821
22716914,64846151,600106,95332515,37894138,57400695,45832229,52489229,89773403,36654360,61643396,99098520,670408,83500263,34958550,27482245,16842172,83266347,75204798,54862413,59556555,34029277,50366855,46003501,57500253,55856709,59672481,28799494,11259040,27837161,82477447,74400894
17053429,4686972,64515266,9263557,21047834,8220055,62622841,18620575,26149460,63770588,2217286,30779632,72582099,89504926,41153384,85934879,64828389,27801736,56745726,56111090,46201621,98999628,5538155,13927407,65368081,2251179,78946202,40055105,62950312,43206762,98875597,81689453
4907595,23511820,88920969,34710762,93328958,85492081,83319176,90977317,86928115,27608409,86543042,92246993,22414469,62743329,33199437,35245127,71981391,11639672,2787308,59815271,69799930,34355249,17975909,22201220,69087552,39716615,3510585,22662640,55262956,91635014,55612343,72684656
58571191,45971712,83745042,29224872,53594906,59747039,79058042,15125824,34186338,74056400,82852366,78576844,29682502,16329502,92144387,80906264,56001215,72510653,62357523,56055820,7234580,84146959,36415742,59263669,19073439,41953421,84847463,70540975,28267483,38279281,9208560,27978414
63088553,92724228,27033496,38678662,68298211,41932505,90180787,10762953,3711348,38475401,15966275,6183978,73181236,99714461,70194363,33866042,59917438,69530093,66466910,13676933,78740484,89469361,17448573,12942090,17877460,2317784,45607338,7637201,53925899,67814002,11752083,16785302
5967193,85669179,91978426,38707074,81109952,73901047,86958830,99615655,17611671,26723258,81495758,96964879,5362054,43402959,60586018,80227369,58613998,26947113,95427185,36753905,82571824,56433195,22279769,55467436,59709623,88954228,22534742,61813640,87500849,64040586,47916688,74709703
71800932,37660030,63363043,32425985,12777211,11923813,25526122,61589200,79687671,96445290,29105327,54115707,38490305,27098469,77759046,16557017,34958457,29326503,58847183,40364643,27629019,31432630,31484336,84488472,42136901,88516517,36225816,50384808,7394218,79153585,50059391,28415896
65201812,6354838,15188124,8844720,95118690,95398907,31147042,69831291,36833335,2109656,42415592,4100882,52746825,28329564,49711721,61437663,41651087,79848653,10738314,14426878,48913791,55740176,8163470,47912253,41365996,22194624,79305587,39558801,83703345,59730246,37295902,78436173
87443698,55870774,45867429,3340941,64986339,77717451,59306316,71205124,5936891,38068011,6984181,5199520,89458839,52300481,36575317,91274188,89228146,49750587,95925126,23981912,62775534,16095464,14539339,93781684,99213788,53066066,56395190,15755352,41267875,25977147,37183992,5042403
18773371,23022930,78983014,28276416,57742662,88720601,64336450,87225623,15150982,48309827,87062106,79375674,1188309,98855631,57918418,31624471,40796929,46406951,8777491,50306625,31236091,76395587,98029348,76921579,53621656,94357788,46186147,6387380,19388241,11407699,3227992,51354778
449718,13331127,12272935,80021573,41083549,75180144,21073519,49716363,820368,25281251,25146209,17097939,31282743,6601369,75733680,34536470,72466399,58309366,54498974,9359259,19088673,46569059,34845152,61039266,32470566,20475741,26239131,25442324,61750277,83299848,31519166,67641435
13499380,26589183,79669491,53098486,65022697,86439678,7834123,27253244,86364316,4496017,21137722,26998076,19229309,49713556,22630040,6348897,76944066,28166531,50012700,41466177,23243695,6327173,92596771,63857858,15600303,35861628,66648137,13134639,79337493,4527327,11763119,96045719
59544831,82421562,40605181,64526964,2393270,80612180,83758451,37786058,73745561,47579528,95180733,69297041,24823003,37530317,6829254,44921167,88078340,2299837,65543223,55272407,33202794,11115252,28948710,74321850,66868060,29308484,4278955,64976713,61435951,16113235,93950030,43162633
6716286,22315196,94147805,65647607,49529730,71693467,70540674,51384269,41788899,42405937,37829000,65024432,13018355,22986975,71299837,67911876,57908531,45957855,80152790,18249842,39576010,46133584,88464171,13404276,7586186,89036753,8709262,53186534,63249810,4228796,98808170,24761429
92499258,49254124,47738123,59306715,41032431,64251971,26029142,61895278,16586405,13312744,54618108,31648095,41674442,90351384,95019344,85821824,59396558,25879619,42078117,29939307,54961789,45396625,1365048,19585478,32410114,48072769,43566525,38099285,92115502,72112518,11600010,39708592
23079759,42772648,44305085,81537379,53229010,41388234,94416150,87053784,14516558,90325048,19603084,19123887,34892577,1405716,85358744,45041079,84366654,49704407,96199235,95825646,94005001,6675249,50723443,86421210,1213704,56611504,95904632,92645305,630441,61494946,15461753,80038591
78356910,52720953,71190253,50932640,79265512,36351507,68938807,32514484,95379718,13387458,52224000,82875325,98972525,33723617,74295473,41553817,14763291,73347655,13044125,60882400,29828060,42640166,76284859,21590256,79296969,23720546,22687212,29773392,11653908,42363454,23858800,82773207
33521144,79036321,53850778,72278075,61212701,38858279,75276367,97623644,13913290,84238823,5830353,34056646,58727326,68697350,13160199,77423946,35590571,5130431,50517412,64183666,16809980,50384734,22646441,23546111,95720801,20359675,70539034,6506268,74394353,35242377,12466321,57749708
55647828,26145629,70515595,23431128,99921364,54319254,83989159,29048791,82953253,99932596,81308528,79504035,71345351,45749725,42464560,26420596,91933954,11904373,73552234,72326919,38355093,73503904,36033896,45015160,15692351,18199428,17002228,50918729,14481001,6211801,61621604,52466686
98067916,91919819,60870973,81964254,31348860,17680305,50045643,38813969,91764512,12457052,81824419,35196138,60857106,59729630,9962615,19588048,4352530,24371491,97390877,18314165,49522742,462310,48895157,88948887,36851594,21415001,68052232,19557538,47558594,2757634,52640807,81043129
22329852,8976988,58949253,1719981,58056347,87324574,15289550,18120066,22311884,42387269,92950142,51213405,51045583,87275441,32520070,15948935,76969863,83280672,98963959,51464704,86930558,82233279,27700650,43039076,78954418,46179766,69922294,74811725,41264641,13136222,55242716,16835805
35971491,68724825,77957166,32181869,84620184,27979890,86480187,21328538,21863381,12970620,78294803,61495834,4878608,48548061,49724540,78647183,750093,72320249,20650847,69973808,88722844,69597540,7335325,787508,23976792,20887971,83179685,81631032,37132845,43435361,33004606,92234832
64340441,69021134,66244932,50737316,56761528,56345501,93329549,71630731,34446241,40326814,8265758,83891026,89626115,69958727,1364577,47552003,43606776,59827192,31636265,16252370,11612758,75371779,85858441,19050777,50821265,12192319,85675543,98097207,50854422,99809104,34689293,19888955
94023253,57673296,30771375,99602248,7948828,83124561,16639359,49784059,53732201,89955456,8211662,48498966,3593788,30957048,4524742,87365899,50157187,64472693,69486488,39987230,81042736,69501179,37386167,43524685,3605399,21675317,43295013,91309758,86001335,30804871,34414085,8162303
38984416,16485138,96559988,91566363,27237668,8916421,93526012,35087254,60560399,76482488,27744355,1500,58714098,42654241,30144737,45731211,24057680,50049685,98429484,17913889,61798933,51046116,22232815,1002718,81205427,2818441,88631548,18502017,16263548,91511738,55957340,7399056
75070779,2850200,45527243,71059096,18199877,24382651,35358989,83339039,50623845,84199415,52339061,95970116,6620215,56823441,67006825,77125184,7137340,54272185,36667929,19520215,81596653,28516394,40040262,40543979,11224381,13624528,93803966,53995170,96154249,9741161,23574972,87914138
21943479,91231415,50644694,63068255,25387149,26765284,79007328,74127519,59289004,71505849,38296474,29969717,28393765,13214368,45804010,3831180,27595750,25010918,70380812,55232466,48679757,92146851,21082244,7691015,90010775,83267984,67304607,9587626,48818709,84495877,61839816,72560933
36435283,97658420,41968036,50730423,51903773,69652791,55344507,53512268,45596369,54239359,99467699,44970188,17336905,38390108,61379625,13972781,52279290,1570899,86233090,95031310,45915824,77122048,9478290,75348401,62184357,49438881,43000538,39213953,96221413,32338110,15306738,48482178
70645698,73995282,55981667,23145127,53157777,16896546,87707207,47936885,50637340,77363365,85776756,52224292,349519,34965395,14846059,90314201,81039548,69286919,85466936,3493633,32457969,16858931,58949099,54605040,3073494,99352300,45778055,75812639,4780911,21128082,13762152,8860000
61702367,79141207,59476742,73786369,75843011,41180727,88735253,74276509,28216718,97101512,81028695,67465007,54413365,29603504,42472579,39086859,62002262,59795322,1769565,16530335,19270432,85229646,92915916,72717889,80958473,15861396,11297140,98594828,34627298,3957790,63912595,90229270
463158,51615262,74935079,7299746,48431792,38607047,62001104,11349501,43218170,93819708,33777112,44526846,84430255,77116699,63417449,61891652,98984719,23793781,79599811,9957263,39192968,8896847,42177696,25636850,40927456,47343639,70743603,39350219,57042531,61803031,45393053,99855268
8405920,71951899,60676856,85748910,46559267,5441604,7609713,31554964,51387553,90590309,62170144,98287980,83330954,58041317,60768477,32041718,35568502,25047956,24265892,65249170,27301512,6152978,5411510,68077363,4782283,6354949,65931548,97702955,4601241,58877945,85703070,70154857
31683323,33671290,45625549,75538542,40773194,75764711,16514804,64585803,56093772,19246674,18336264,37983264,64960906,14927354,91554414,58905163,50712932,95405328,26119637,92347277,35930112,33121430,29645168,14312508,94458829,56117143,27595617,40817680,46313094,30265496,1851429,366134
15697078,20506520,11231573,55486433,24724060,6944800,85326016,36781095,82694225,30916415,46034071,75090550,19964716,82445513,64158370,11112384,29094900,46321564,30521168,68859525,6159354,57190715,53965269,46076572,73755338,67361241,1187136,69653638,14031689,24208957,81050518,27519295
71271048,85584035,19695705,61864509,62070558,13323229,3876773,24716174,56615476,90764236,56656736,19721403,18301291,85073861,89315477,30482490,31600523,23935172,23086808,36924405,71994060,55452796,2600828,93692930,30746366,58723736,40640953,44233317,25802730,51785270,53320706,46528994
26152814,47536126,82467590,19150206,81855462,86925662,23029719,5599103,13688224,16401845,49590639,44934847,94428583,19619476,8900165,17611880,584225,60182324,7642074,44286694,85818188,65297938,81361279,18410164,94400076,46847790,55277661,72941359,9975321,24206168,41033823,89866794

